258250
258231
258193
258236
258244
258168
258182
258185
258222
258246
258200
258205
258157
258270
258213
258223
258218
258228
265375
255157
261238
279225
255141
262043
263489
263128
281817
283907
258259
296590
251011
287988
294773
307022
308352
283016
261003
327084
262366
325944
303501
256001
260496
330235
305356
280771
333260
258237
258243
316269
337048
291135
258245
258210
257082
301188
251138
260497
251130
263133
251102
343463
258230
266087
351001
352061
352060
325679
258226
364488
364487
365160
352159
354441
251502
358032
345263
345096
343038
334354
350630
275181
372718
381671
373957
273939
267358
384741
384749
385182
385181
258265
302594
383304
251047
251013
252283
252284
258235
376484
323376
325212
257091
380561
349078
258227
394594
394593
321385
388079
371671
292131
398028
374953
394946
382635
398431
401494
364491
258158
398642
398641
398325
330885
388177
402413
399499
320750
406093
371523
313526
355120
276697
385569
408139
258229
344336
256681
400966
324048
279111
299708
410219
271947
411356
401962
401961
389841
999999
000000